mean                      = 0.684245
stddev                    = 0.0609259135503
confidence interval       = 0.680468772755 , 0.688021227245